       FROM            TO CKT  DISTANCE    TYPE X------I ZERO------X  X----I POSITIVE----X  X----I NEGATIVE----X
                                                X------PHASE A-----X  X------PHASE B-----X  X------PHASE C-----X
      11925                                 L-G     2.2794  -30.9627      2.2794  -30.9627      2.2794  -30.9627
 [9025-132    132.00]                              93.1395  -85.7896      0.0000    0.0000      0.0000    0.0000

      11937                                 L-G     2.7373  -32.5680      2.7373  -32.5680      2.7373  -32.5680
 [9037-132    132.00]                              98.0486  -85.1956      0.0000    0.0000      0.0000    0.0000

      11930                                 L-G     1.3343  -22.2493      1.3343  -22.2493      1.3343  -22.2493
 [9030-132    132.00]                              66.8678  -86.5681      0.0000    0.0000      0.0000    0.0000

      11930                                 L-G     1.1461  -23.7283      1.1461  -23.7283      1.1461  -23.7283
 [9030-132    132.00]                              71.2680  -87.2348      0.0000    0.0000      0.0000    0.0000

      11930                                 L-G     1.1482  -23.6197      1.1482  -23.6197      1.1482  -23.6197
 [9030-132    132.00]                              70.9428  -87.2170      0.0000    0.0000      0.0000    0.0000

      11930                                 L-G     1.1361  -23.4175      1.1361  -23.4175      1.1361  -23.4175
 [9030-132    132.00]                              70.3352  -87.2226      0.0000    0.0000      0.0000    0.0000

      11930                                 L-G     1.1361  -23.4175      1.1361  -23.4175      1.1361  -23.4175
 [9030-132    132.00]                              70.3352  -87.2226      0.0000    0.0000      0.0000    0.0000

      11930                                 L-G     1.2756  -23.2157      1.2756  -23.2157      1.2756  -23.2157
 [9030-132    132.00]                              69.7521  -86.8551      0.0000    0.0000      0.0000    0.0000

      11930                                 L-G     1.2404  -22.6030      1.2404  -22.6030      1.2404  -22.6030
 [9030-132    132.00]                              67.9109  -86.8590      0.0000    0.0000      0.0000    0.0000

      11930                                 L-G     1.2404  -22.6030      1.2404  -22.6030      1.2404  -22.6030
 [9030-132    132.00]                              67.9109  -86.8590      0.0000    0.0000      0.0000    0.0000

      11930                                 L-G     1.3181  -22.2582      1.3181  -22.2582      1.3181  -22.2582
 [9030-132    132.00]                              66.8915  -86.6111      0.0000    0.0000      0.0000    0.0000

      11930                                 L-G     1.3181  -22.2582      1.3181  -22.2582      1.3181  -22.2582
 [9030-132    132.00]                              66.8915  -86.6111      0.0000    0.0000      0.0000    0.0000

      11930                                 L-G     1.1844  -22.7219      1.1844  -22.7219      1.1844  -22.7219
 [9030-132    132.00]                              68.2581  -87.0161      0.0000    0.0000      0.0000    0.0000

      11930                                 L-G     1.1844  -22.7219      1.1844  -22.7219      1.1844  -22.7219
 [9030-132    132.00]                              68.2581  -87.0161      0.0000    0.0000      0.0000    0.0000

      11930                                 L-G     1.1086  -23.1504      1.1086  -23.1504      1.1086  -23.1504
 [9030-132    132.00]                              69.5309  -87.2583      0.0000    0.0000      0.0000    0.0000

      11930                                 L-G     1.1086  -23.1504      1.1086  -23.1504      1.1086  -23.1504
 [9030-132    132.00]                              69.5309  -87.2583      0.0000    0.0000      0.0000    0.0000

      11930                                 L-G     1.1086  -23.1504      1.1086  -23.1504      1.1086  -23.1504
 [9030-132    132.00]                              69.5309  -87.2583      0.0000    0.0000      0.0000    0.0000

      11930                                 L-G     1.1451  -22.6655      1.1451  -22.6655      1.1451  -22.6655
 [9030-132    132.00]                              68.0832  -87.1078      0.0000    0.0000      0.0000    0.0000

      11930                                 L-G     1.1451  -22.6655      1.1451  -22.6655      1.1451  -22.6655
 [9030-132    132.00]                              68.0832  -87.1078      0.0000    0.0000      0.0000    0.0000

      11930                                 L-G     1.1451  -22.6655      1.1451  -22.6655      1.1451  -22.6655
 [9030-132    132.00]                              68.0832  -87.1078      0.0000    0.0000      0.0000    0.0000

      11930                                 L-G     1.1451  -22.6655      1.1451  -22.6655      1.1451  -22.6655
 [9030-132    132.00]                              68.0832  -87.1078      0.0000    0.0000      0.0000    0.0000

      11930                                 L-G     1.1451  -22.6655      1.1451  -22.6655      1.1451  -22.6655
 [9030-132    132.00]                              68.0832  -87.1078      0.0000    0.0000      0.0000    0.0000

      11930                                 L-G     1.1392  -22.7832      1.1392  -22.7832      1.1392  -22.7832
 [9030-132    132.00]                              68.4350  -87.1376      0.0000    0.0000      0.0000    0.0000

      11930                                 L-G     1.1392  -22.7832      1.1392  -22.7832      1.1392  -22.7832
 [9030-132    132.00]                              68.4350  -87.1376      0.0000    0.0000      0.0000    0.0000

      11930                                 L-G     1.1451  -22.6655      1.1451  -22.6655      1.1451  -22.6655
 [9030-132    132.00]                              68.0832  -87.1078      0.0000    0.0000      0.0000    0.0000

      11930                                 L-G     1.1461  -22.6531      1.1461  -22.6531      1.1461  -22.6531
 [9030-132    132.00]                              68.0462  -87.1036      0.0000    0.0000      0.0000    0.0000

      11930                                 L-G     1.1392  -22.7832      1.1392  -22.7832      1.1392  -22.7832
 [9030-132    132.00]                              68.4350  -87.1376      0.0000    0.0000      0.0000    0.0000

      11930                                 L-G     1.1392  -22.7832      1.1392  -22.7832      1.1392  -22.7832
 [9030-132    132.00]                              68.4350  -87.1376      0.0000    0.0000      0.0000    0.0000

      11930                                 L-G     1.1392  -22.7832      1.1392  -22.7832      1.1392  -22.7832
 [9030-132    132.00]                              68.4350  -87.1376      0.0000    0.0000      0.0000    0.0000

      11930                                 L-G     1.1392  -22.7832      1.1392  -22.7832      1.1392  -22.7832
 [9030-132    132.00]                              68.4350  -87.1376      0.0000    0.0000      0.0000    0.0000

      11930                                 L-G     1.1392  -22.7832      1.1392  -22.7832      1.1392  -22.7832
 [9030-132    132.00]                              68.4350  -87.1376      0.0000    0.0000      0.0000    0.0000

      11930                                 L-G     1.1461  -22.6531      1.1461  -22.6531      1.1461  -22.6531
 [9030-132    132.00]                              68.0462  -87.1036      0.0000    0.0000      0.0000    0.0000

      11930                                 L-G     1.1465  -22.6539      1.1465  -22.6539      1.1465  -22.6539
 [9030-132    132.00]                              68.0488  -87.1027      0.0000    0.0000      0.0000    0.0000

      11930                                 L-G     1.1392  -22.7739      1.1392  -22.7739      1.1392  -22.7739
 [9030-132    132.00]                              68.4070  -87.1363      0.0000    0.0000      0.0000    0.0000

      18914                                 L-G     0.8847   -4.4552      0.8847   -4.4552      0.8847   -4.4552
 [JIHFAH      132.00]                              13.6267  -78.7680      0.0000    0.0000      0.0000    0.0000

      18914                                 L-G     0.9082   -4.5002      0.9082   -4.5002      0.9082   -4.5002
 [JIHFAH      132.00]                              13.7729  -78.5899      0.0000    0.0000      0.0000    0.0000

      18914                                 L-G     0.8774   -4.6128      0.8774   -4.6128      0.8774   -4.6128
 [JIHFAH      132.00]                              14.0864  -79.2307      0.0000    0.0000      0.0000    0.0000

      18914                                 L-G     0.8774   -4.6128      0.8774   -4.6128      0.8774   -4.6128
 [JIHFAH      132.00]                              14.0864  -79.2307      0.0000    0.0000      0.0000    0.0000

      18914                                 L-G     0.9040   -4.5100      0.9040   -4.5100      0.9040   -4.5100
 [JIHFAH      132.00]                              13.7991  -78.6655      0.0000    0.0000      0.0000    0.0000

      18914                                 L-G     0.9040   -4.5100      0.9040   -4.5100      0.9040   -4.5100
 [JIHFAH      132.00]                              13.7991  -78.6655      0.0000    0.0000      0.0000    0.0000

      18914                                 L-G     0.9031   -4.5123      0.9031   -4.5123      0.9031   -4.5123
 [JIHFAH      132.00]                              13.8053  -78.6824      0.0000    0.0000      0.0000    0.0000

      18914                                 L-G     0.8878   -4.5699      0.8878   -4.5699      0.8878   -4.5699
 [JIHFAH      132.00]                              13.9662  -79.0058      0.0000    0.0000      0.0000    0.0000

      18914                                 L-G     0.8832   -4.5854      0.8832   -4.5854      0.8832   -4.5854
 [JIHFAH      132.00]                              14.0090  -79.0975      0.0000    0.0000      0.0000    0.0000

      18903                                 L-G     1.0726  -16.4886      1.0726  -16.4886      1.0726  -16.4886
 [JITHAM      132.00]                              49.5702  -86.2782      0.0000    0.0000      0.0000    0.0000

